[[1.14482269e-03 7.16950963e-05 5.43063926e-03 ... 1.27982011e-03
  7.41107240e-02 7.92105719e-02]
 [1.95985973e-01 3.96875758e-03 1.06462874e-01 ... 2.99474806e-01
  1.39184836e-02 3.72819662e-01]
 [1.42040044e-01 2.19757552e-03 1.06620573e-01 ... 1.40802175e-01
  2.50964165e-01 3.30914378e-01]
 ...
 [9.20323953e-02 2.94955238e-03 6.11228831e-02 ... 8.84315073e-02
  2.01538708e-02 8.65186825e-02]
 [1.63314998e-01 2.07565189e-03 1.18176766e-01 ... 4.34219807e-01
  1.02907615e-02 2.37385169e-01]
 [1.73851904e-02 9.58231394e-05 3.58695090e-02 ... 3.16628814e-02
  2.46989310e-01 6.56257451e-01]]